50000 0 0 0.008
60000 0 0.008 0
70000 0.008 0 0.009
80000 0.011 0.005 0.009
90000 0.008 0.008 0.017
100000 0.017 0.008 0.014
110000 0 0.017 0.008
120000 0.008 0.009 0.016
130000 0.016 0.008 0.017
140000 0.009 0.007 0.017
150000 0.009 0.008 0.017
160000 0.016 0.009 0.025
170000 0.013 0.01 0.022
180000 0.009 0.016 0.033
190000 0.016 0.008 0.025
200000 0.012 0.012 0.032
210000 0.016 0.017 0.033
220000 0.016 0.017 0.033
230000 0.024 0.008 0.049
240000 0.016 0.025 0.033
250000 0.016 0.017 0.041
260000 0.024 0.016 0.048
270000 0.016 0.016 0.05
280000 0.016 0.017 0.042
290000 0.017 0.022 0.043
300000 0.017 0.017 0.055
310000 0.025 0.008 0.066
320000 0.025 0.024 0.058
330000 0.024 0.022 0.052
340000 0.025 0.024 0.057
350000 0.025 0.016 0.067
360000 0.025 0.025 0.065
370000 0.025 0.018 0.065
380000 0.041 0.025 0.082
390000 0.033 0.025 0.073
400000 0.032 0.017 0.076
410000 0.033 0.025 0.075
420000 0.033 0.025 0.091
430000 0.033 0.017 0.107
440000 0.033 0.017 0.091
450000 0.034 0.025 0.122
460000 0.042 0.016 0.117
470000 0.042 0.025 0.107
480000 0.033 0.025 0.107
490000 0.044 0.025 0.132
