50000 0.032 0.033 0.025
60000 0.05 0.032 0.033
70000 0.05 0.041 0.041
80000 0.065 0.048 0.043
90000 0.075 0.049 0.06
100000 0.124 0.059 0.056
110000 0.127 0.066 0.066
120000 0.186 0.059 0.083
130000 0.165 0.084 0.089
140000 0.156 0.083 0.107
150000 0.149 0.09 0.115
160000 0.214 0.116 0.125
170000 0.188 0.099 0.173
180000 0.19 0.114 0.165
190000 0.238 0.133 0.161
200000 0.255 0.111 0.185
210000 0.286 0.116 0.173
220000 0.313 0.116 0.182
230000 0.392 0.149 0.215
240000 0.396 0.131 0.298
250000 0.528 0.13 0.241
260000 0.477 0.156 0.237
270000 0.58 0.148 0.306
280000 0.578 0.167 0.312
290000 0.575 0.157 0.282
300000 0.626 0.174 0.291
310000 0.758 0.182 0.322
320000 0.808 0.164 0.37
330000 0.831 0.166 0.395
340000 0.903 0.223 0.453
350000 0.955 0.204 0.384
360000 0.995 0.196 0.395
370000 1.029 0.201 0.43
380000 1.104 0.236 0.472
390000 1.183 0.227 0.45
400000 1.277 0.278 0.579
410000 1.382 0.239 0.571
420000 1.704 0.28 0.625
430000 1.634 0.272 0.727
440000 1.615 0.254 0.619
450000 1.653 0.296 0.633
460000 1.774 0.256 0.69
470000 2.029 0.278 0.704
480000 2.042 0.297 0.715
490000 2.103 0.322 0.777
