50000 0.016 0.009 0.016
60000 0.017 0.017 0.016
70000 0.024 0.017 0.025
80000 0.033 0.026 0.023
90000 0.031 0.024 0.033
100000 0.042 0.033 0.033
110000 0.042 0.024 0.042
120000 0.05 0.024 0.042
130000 0.051 0.036 0.043
140000 0.059 0.033 0.065
150000 0.05 0.034 0.055
160000 0.065 0.033 0.067
170000 0.066 0.025 0.061
180000 0.065 0.05 0.063
190000 0.063 0.049 0.059
200000 0.074 0.049 0.074
210000 0.075 0.065 0.083
220000 0.075 0.058 0.075
230000 0.083 0.05 0.092
240000 0.09 0.066 0.083
250000 0.082 0.077 0.087
260000 0.091 0.059 0.09
270000 0.094 0.071 0.099
280000 0.099 0.066 0.089
290000 0.1 0.08 0.091
300000 0.102 0.064 0.122
310000 0.124 0.091 0.108
320000 0.122 0.083 0.156
330000 0.116 0.083 0.115
340000 0.124 0.13 0.119
350000 0.14 0.116 0.114
360000 0.149 0.099 0.124
370000 0.133 0.066 0.14
380000 0.131 0.107 0.133
390000 0.153 0.116 0.14
400000 0.14 0.107 0.141
410000 0.149 0.147 0.141
420000 0.149 0.091 0.215
430000 0.174 0.114 0.141
440000 0.165 0.075 0.189
450000 0.198 0.089 0.181
460000 0.166 0.082 0.197
470000 0.18 0.148 0.181
480000 0.167 0.146 0.206
490000 0.188 0.149 0.165
